0.0 0.0 0.0
-0.00079725693182 0.0181374352211 0.0
0.00200176470354 0.0263972380475 0.0
0.00541579158399 0.0330116620322 0.0
0.00915746012827 0.0387612570023 0.0
0.0131143230838 0.043948025373 0.0
0.0172281224946 0.0487267042136 0.0
0.0214638877425 0.0531891396411 0.0
0.0257985854674 0.0573951347002 0.0
0.0302160348887 0.0613862077445 0.0
0.0347043149861 0.0651925779424 0.0
0.0392543146369 0.0688370548826 0.0
0.0438588636136 0.0723373601138 0.0
0.048512182669 0.0757075901524 0.0
0.0532095199903 0.0789591796978 0.0
0.0579469020479 0.0821015590692 0.0
0.0627209576087 0.0851426167093 0.0
0.0675287901903 0.088089033035 0.0
0.0723678835541 0.0909465268265 0.0
0.0772360303124 0.093720040616 0.0
0.0821312770765 0.0964138825675 0.0
0.0870518816728 0.0990318367065 0.0
0.0919962793228 0.101577249717 0.0
0.0969630555849 0.104053100117 0.0
0.101950924469 0.106462053996 0.0
0.106958710558 0.108806510366 0.0
0.111985334278 0.1110886384 0.0
0.117029799647 0.113310408264 0.0
0.122091184027 0.115473616832 0.0
0.127168629479 0.11757990929 0.0
0.132261335419 0.119630797399 0.0
0.137368552363 0.121627675035 0.0
0.142489576544 0.123571831476 0.0
0.147623745271 0.125464462822 0.0
0.152770432905 0.127306681874 0.0
0.157929047353 0.129099526692 0.0
0.163099027002 0.130843968071 0.0
0.168279838021 0.132540916066 0.0
0.173470971987 0.134191225741 0.0
0.178671943782 0.135795702225 0.0
0.183882289727 0.137355105186 0.0
0.189101565918 0.138870152808 0.0
0.194329346739 0.140341525325 0.0
0.199565223533 0.141769868172 0.0
0.204808803402 0.143155794816 0.0
0.210059708134 0.144499889285 0.0
0.215317573224 0.145802708451 0.0
0.220582046993 0.147064784083 0.0
0.225852789792 0.148286624706 0.0
0.23112947327 0.149468717284 0.0
0.236411779712 0.150611528741 0.0
0.241699401432 0.151715507357 0.0
0.246992040221 0.152781084025 0.0
0.252289406835 0.153808673406 0.0
0.257591220532 0.154798674984 0.0
0.262897208638 0.155751474032 0.0
0.268207106152 0.156667442495 0.0
0.273520655383 0.1575469398 0.0
0.278837605606 0.158390313608 0.0
0.284157712752 0.159197900501 0.0
0.289480739116 0.159970026613 0.0
0.294806453088 0.160707008217 0.0
0.300134628897 0.161409152268 0.0
0.30546504638 0.162076756901 0.0
0.310797490763 0.162710111899 0.0
0.316131752453 0.163309499118 0.0
0.321467626851 0.163875192888 0.0
0.326804914166 0.164407460387 0.0
0.332143419253 0.164906561982 0.0
0.337482951448 0.165372751553 0.0
0.342823324425 0.16580627679 0.0
0.34816435605 0.166207379473 0.0
0.353505868251 0.166576295735 0.0
0.35884768689 0.166913256299 0.0
0.36418964165 0.16721848671 0.0
0.369531565914 0.167492207547 0.0
0.374873296665 0.167734634619 0.0
0.380214674383 0.167945979154 0.0
0.385555542946 0.168126447973 0.0
0.390895749541 0.168276243651 0.0
0.396235144574 0.168395564674 0.0
0.401573581591 0.168484605579 0.0
0.406910917191 0.168543557093 0.0
0.412247010956 0.168572606255 0.0
0.417581725373 0.16857193654 0.0
0.422914925767 0.168541727969 0.0
0.42824648023 0.168482157213 0.0
0.433576259561 0.168393397697 0.0
0.438904137197 0.168275619685 0.0
0.444229989157 0.168128990377 0.0
0.449553693983 0.167953673985 0.0
0.454875132681 0.167749831814 0.0
0.460194188671 0.167517622337 0.0
0.465510747729 0.167257201258 0.0
0.47082469794 0.166968721586 0.0
0.476135929645 0.166652333689 0.0
0.481444335395 0.166308185357 0.0
0.486749809902 0.165936421854 0.0
0.492052249994 0.165537185971 0.0
0.49735155457 0.165110618074 0.0
0.502647624555 0.164656856153 0.0
0.50794036286 0.16417603586 0.0
0.513229674337 0.163668290555 0.0
0.518515465742 0.163133751344 0.0
0.523797645689 0.162572547115 0.0
0.529076124616 0.161984804571 0.0
0.534350814743 0.161370648266 0.0
0.539621630037 0.160730200634 0.0
0.544888486169 0.16006358202 0.0
0.550151300485 0.159370910705 0.0
0.555409991963 0.158652302937 0.0
0.56066448118 0.15790787295 0.0
0.565914690276 0.157137732992 0.0
0.571160542922 0.156341993346 0.0
0.576401964278 0.15552076235 0.0
0.58163888097 0.154674146419 0.0
0.586871221047 0.153802250062 0.0
0.59209891395 0.152905175904 0.0
0.597321890483 0.151983024697 0.0
0.602540082775 0.151035895342 0.0
0.607753424253 0.150063884899 0.0
0.612961849602 0.149067088609 0.0
0.618165294743 0.1480455999 0.0
0.623363696794 0.146999510406 0.0
0.62855699404 0.145928909978 0.0
0.633745125907 0.144833886695 0.0
0.638928032922 0.143714526877 0.0
0.644105656691 0.142570915095 0.0
0.649277939863 0.141403134184 0.0
0.654444826102 0.140211265249 0.0
0.659606260056 0.138995387678 0.0
0.664762187327 0.137755579152 0.0
0.669912554443 0.136491915651 0.0
0.675057308824 0.135204471464 0.0
0.680196398757 0.133893319198 0.0
0.685329773364 0.132558529787 0.0
0.690457382574 0.131200172498 0.0
0.695579177094 0.129818314936 0.0
0.700695108377 0.128413023061 0.0
0.705805128598 0.126984361183 0.0
0.710909190622 0.125532391978 0.0
0.716007247977 0.124057176491 0.0
0.721099254822 0.122558774144 0.0
0.726185165927 0.121037242742 0.0
0.731264936633 0.11949263848 0.0
0.736338522835 0.117925015949 0.0
0.741405880947 0.116334428142 0.0
0.746466967877 0.114720926462 0.0
0.751521740999 0.113084560727 0.0
0.756570158125 0.111425379176 0.0
0.761612177478 0.109743428474 0.0
0.766647757664 0.108038753721 0.0
0.771676857647 0.106311398458 0.0
0.776699436718 0.10456140467 0.0
0.781715454471 0.102788812793 0.0
0.786724870776 0.100993661723 0.0
0.791727645753 0.0991759888198 0.0
0.796723739743 0.0973358299128 0.0
0.801713113283 0.0954732193086 0.0
0.80669572708 0.0935881897963 0.0
0.811671541986 0.0916807726542 0.0
0.81664051897 0.0897509976561 0.0
0.821602619092 0.0877988930774 0.0
0.826557803481 0.0858244857021 0.0
0.831506033305 0.0838278008286 0.0
0.836447269748 0.0818088622771 0.0
0.841381473985 0.0797676923956 0.0
0.846308607158 0.0777043120668 0.0
0.851228630347 0.0756187407151 0.0
0.856141504549 0.0735109963134 0.0
0.861047190654 0.0713810953897 0.0
0.865945649418 0.0692290530349 0.0
0.870836841441 0.0670548829091 0.0
0.875720727141 0.0648585972496 0.0
0.880597266733 0.0626402068775 0.0
0.885466420202 0.0603997212055 0.0
0.890328147284 0.0581371482456 0.0
0.895182407438 0.0558524946161 0.0
0.900029159826 0.0535457655496 0.0
0.904868363289 0.0512169649009 0.0
0.909699976326 0.0488660951545 0.0
0.914523957069 0.046493157433 0.0
0.919340263262 0.0440981515046 0.0
0.924148852241 0.0416810757916 0.0
0.928949680907 0.0392419273787 0.0
0.933742705709 0.0367807020208 0.0
0.938527882623 0.0342973941519 0.0
0.943305167126 0.0317919968935 0.0
0.948074514179 0.029264502063 0.0
0.952835878206 0.0267149001824 0.0
0.957589213071 0.0241431804869 0.0
0.96233447206 0.0215493309343 0.0
0.96707160786 0.0189333382131 0.0
0.97180057254 0.016295187752 0.0
0.976521317528 0.0136348637289 0.0
0.981233793597 0.0109523490798 0.0
0.98593795084 0.00824762550811 0.0
0.990633738655 0.00552067349417 0.0
0.995321105725 0.00277147230422 0.0
1.0 -2.219764095e-17 0.0
1.0 2.219764095e-17 0.0
0.994628643018 0.000828436788983 0.0
0.989265758832 0.00164278197412 0.0
0.983911295392 0.00244301361716 0.0
0.978565201378 0.00322911098438 0.0
0.973227426191 0.00400105455599 0.0
0.967897919923 0.00475882603549 0.0
0.962576633346 0.00550240835894 0.0
0.95726351789 0.00623178570415 0.0
0.951958525623 0.00694694349982 0.0
0.946661609232 0.00764786843458 0.0
0.941372722002 0.008334548466 0.0
0.936091817799 0.00900697282944 0.0
0.930818851045 0.00966513204692 0.0
0.925553776703 0.0103090179358 0.0
0.920296550249 0.0109386236175 0.0
0.915047127659 0.0115539435261 0.0
0.909805465381 0.0121549734165 0.0
0.904571520318 0.0127417103734 0.0
0.899345249805 0.013314152819 0.0
0.894126611585 0.0138723005217 0.0
0.888915563792 0.0144161546039 0.0
0.883712064924 0.0149457175503 0.0
0.878516073821 0.0154609932155 0.0
0.873327549647 0.0159619868321 0.0
0.86814645186 0.0164487050187 0.0
0.862972740195 0.016921155787 0.0
0.857806374639 0.0173793485497 0.0
0.852647315406 0.0178232941281 0.0
0.847495522914 0.0182530047593 0.0
0.842350957762 0.0186684941035 0.0
0.837213580708 0.0190697772516 0.0
0.832083352641 0.0194568707316 0.0
0.826960234557 0.0198297925164 0.0
0.821844187539 0.0201885620303 0.0
0.816735172726 0.0205332001562 0.0
0.811633151293 0.020863729242 0.0
0.806538084426 0.0211801731078 0.0
0.801449933292 0.0214825570521 0.0
0.796368659019 0.0217709078589 0.0
0.791294222669 0.0220452538036 0.0
0.78622658521 0.02230562466 0.0
0.781165707493 0.0225520517063 0.0
0.776111550226 0.0227845677318 0.0
0.771064073947 0.0230032070429 0.0
0.766023238997 0.0232080054693 0.0
0.760989005493 0.0233990003705 0.0
0.755961333308 0.0235762306419 0.0
0.750940182034 0.0237397367207 0.0
0.745925510964 0.0238895605922 0.0
0.740917279061 0.024025745796 0.0
0.735915444931 0.0241483374319 0.0
0.730919966797 0.0242573821663 0.0
0.72593080247 0.024352928238 0.0
0.720947909326 0.0244350254645 0.0
0.715971244272 0.0245037252484 0.0
0.711000763722 0.0245590805833 0.0
0.706036423569 0.0246011460603 0.0
0.701078179159 0.0246299778741 0.0
0.696125985257 0.0246456338299 0.0
0.691179796025 0.0246481733493 0.0
0.68623956499 0.0246376574777 0.0
0.681305245017 0.0246141488902 0.0
0.67637678828 0.0245777118994 0.0
0.671454146234 0.0245284124615 0.0
0.666537269585 0.0244663181846 0.0
0.661626108262 0.024391498335 0.0
0.656720611386 0.0243040238458 0.0
0.651820727246 0.0242039673241 0.0
0.646926403261 0.0240914030595 0.0
0.642037585959 0.0239664070324 0.0
0.637154220941 0.0238290569225 0.0
0.632276252857 0.0236794321182 0.0
0.62740362537 0.0235176137255 0.0
0.622536281128 0.0233436845783 0.0
0.617674161738 0.023157729248 0.0
0.612817207729 0.0229598340547 0.0
0.607965358523 0.0227500870776 0.0
0.603118552408 0.0225285781672 0.0
0.598276726501 0.0222953989572 0.0
0.593439816722 0.0220506428771 0.0
0.588607757758 0.0217944051656 0.0
0.583780483035 0.0215267828847 0.0
0.578957924682 0.0212478749344 0.0
0.574140013502 0.0209577820681 0.0
0.569326678938 0.0206566069086 0.0
0.564517849038 0.0203444539661 0.0
0.559713450427 0.0200214296552 0.0
0.554913408267 0.0196876423145 0.0
0.550117646228 0.0193432022268 0.0
0.545326086449 0.0189882216397 0.0
0.540538649509 0.0186228147885 0.0
0.535755254385 0.0182470979193 0.0
0.530975818422 0.0178611893143 0.0
0.526200257293 0.0174652093179 0.0
0.521428484964 0.0170592803643 0.0
0.516660413655 0.0166435270072 0.0
0.511895953803 0.0162180759509 0.0
0.507135014025 0.0157830560825 0.0
0.502377501073 0.0153385985075 0.0
0.497623319802 0.0148848365858 0.0
0.492872373122 0.0144219059711 0.0
0.488124561957 0.0139499446517 0.0
0.483379785208 0.0134690929943 0.0
0.478637939702 0.0129794937898 0.0
0.473898920151 0.0124812923025 0.0
0.469162619105 0.0119746363217 0.0
0.464428926907 0.0114596762165 0.0
0.459697731641 0.0109365649939 0.0
0.454968919083 0.0104054583603 0.0
0.450242372652 0.00986651478714 0.0
0.445517973356 0.00931989557961 0.0
0.440795599735 0.00876576495061 0.0
0.43607512781 0.00820429009846 0.0
0.431356431017 0.0076356412897 0.0
0.426639380155 0.00705999194697 0.0
0.421923843316 0.0064775187423 0.0
0.417209685824 0.0058884016963 0.0
0.412496770168 0.00529282428351 0.0
0.407784955928 0.00469097354452 0.0
0.403074099706 0.0040830402051 0.0
0.398364055044 0.00346921880312 0.0
0.393654672351 0.00284970782354 0.0
0.388945798812 0.00222470984232 0.0
0.384237278307 0.00159443167965 0.0
0.379528951315 0.000959084563435 0.0
0.374820654818 0.00031888430365 0.0
0.370112222202 -0.000325948521566 0.0
0.365403483146 -0.000975188367133 0.0
0.360694263515 -0.0016286045086 0.0
0.355984385235 -0.002285960815 0.0
0.351273666174 -0.00294701550572 0.0
0.346561920005 -0.00361152089025 0.0
0.341848956064 -0.00427922308913 0.0
0.337134579205 -0.00494986173477 0.0
0.332418589639 -0.00562316965031 0.0
0.327700782766 -0.00629887250453 0.0
0.322980948993 -0.0069766884409 0.0
0.318258873545 -0.00765632767829 0.0
0.31353433626 -0.00833749208078 0.0
0.308807111369 -0.00901987469387 0.0
0.304076967258 -0.00970315924364 0.0
0.299343666225 -0.0103870195957 0.0
0.294606964199 -0.0110711191695 0.0
0.289866610458 -0.0117551103043 0.0
0.285122347307 -0.0124386335711 0.0
0.280373909748 -0.0131213170257 0.0
0.275621025106 -0.0138027753962 0.0
0.270863412638 -0.0144826091981 0.0
0.266100783102 -0.0151604037697 0.0
0.261332838288 -0.0158357282177 0.0
0.256559270509 -0.0165081342643 0.0
0.251779762052 -0.0171771549829 0.0
0.246993984565 -0.017842303411 0.0
0.242201598398 -0.0185030710233 0.0
0.237402251874 -0.0191589260503 0.0
0.232595580487 -0.0198093116207 0.0
0.227781206025 -0.0204536437057 0.0
0.222958735589 -0.0210913088397 0.0
0.218127760524 -0.0217216615858 0.0
0.213287855213 -0.0223440217115 0.0
0.208438575752 -0.0229576710331 0.0
0.203579458461 -0.0235618498809 0.0
0.198710018224 -0.0241557531266 0.0
0.193829746617 -0.0247385257075 0.0
0.188938109809 -0.0253092575663 0.0
0.184034546187 -0.0258669779103 0.0
0.179118463657 -0.0264106486773 0.0
0.174189236581 -0.0269391570686 0.0
0.169246202269 -0.0274513069819 0.0
0.164288656954 -0.0279458091406 0.0
0.159315851148 -0.0284212696693 0.0
0.154326984273 -0.0288761768054 0.0
0.149321198386 -0.0293088853633 0.0
0.144297570849 -0.0297175984694 0.0
0.139255105682 -0.0301003459583 0.0
0.13419272331 -0.030454958656 0.0
0.129109248315 -0.0307790375505 0.0
0.124003394709 -0.031069916553 0.0
0.118873748049 -0.0313246171449 0.0
0.113718743557 -0.0315397926424 0.0
0.108536639059 -0.0317116590201 0.0
0.103325481166 -0.0318359081139 0.0
0.0980830624918 -0.0319075973916 0.0
0.0928068667963 -0.031921008073 0.0
0.0874939975977 -0.0318694597413 0.0
0.0821410836626 -0.0317450639536 0.0
0.0767441514618 -0.0315383903908 0.0
0.0712984491822 -0.0312380043536 0.0
0.0657981975767 -0.0308298093254 0.0
0.0602362264178 -0.0302960837577 0.0
0.0546034245828 -0.0296140180618 0.0
0.0488878710515 -0.0287533930691 0.0
0.0430733850431 -0.027672690426 0.0
0.0371369331976 -0.0263121070881 0.0
0.0310435448969 -0.0245797969382 0.0
0.0247349621849 -0.0223210229069 0.0
0.018098737809 -0.0192337825792 0.0
0.0108475081881 -0.0145375261279 0.0
0.0 0.0 0.0
