1.000000 -0.000000
  0.999753  0.000090
  0.999013  0.000361
  0.997781  0.000812
  0.996057  0.001441
  0.993844  0.002246
  0.991144  0.003226
  0.987958  0.004376
  0.984292  0.005694
  0.980147  0.007176
  0.975528  0.008816
  0.970440  0.010612
  0.964888  0.012556
  0.958877  0.014645
  0.952414  0.016871
  0.945503  0.019229
  0.938153  0.021711
  0.930371  0.024312
  0.922164  0.027024
  0.913540  0.029840
  0.904508  0.032753
  0.895078  0.035754
  0.885257  0.038837
  0.875056  0.041993
  0.864484  0.045215
  0.853553  0.048495
  0.842274  0.051824
  0.830656  0.055195
  0.818712  0.058600
  0.806454  0.062031
  0.793893  0.065479
  0.781042  0.068937
  0.767913  0.072397
  0.754521  0.075851
  0.740877  0.079291
  0.726995  0.082709
  0.712890  0.086097
  0.698574  0.089447
  0.684062  0.092751
  0.669369  0.096003
  0.654508  0.099193
  0.639496  0.102315
  0.624345  0.105361
  0.609072  0.108322
  0.593691  0.111193
  0.578217  0.113964
  0.562667  0.116629
  0.547054  0.119180
  0.531395  0.121610
  0.515705  0.123912
  0.500000  0.126079
  0.484295  0.128105
  0.468605  0.129982
  0.452946  0.131704
  0.437333  0.133265
  0.421783  0.134659
  0.406309  0.135880
  0.390928  0.136915
  0.375655  0.137723
  0.360504  0.138295
  0.345492  0.138630
  0.330631  0.138725
  0.315938  0.138579
  0.301426  0.138190
  0.287110  0.137558
  0.273005  0.136685
  0.259123  0.135571
  0.245479  0.134218
  0.232087  0.132629
  0.218958  0.130807
  0.206107  0.128756
  0.193546  0.126482
  0.181288  0.123989
  0.169344  0.121284
  0.157726  0.118373
  0.146447  0.115264
  0.135516  0.111965
  0.124944  0.108483
  0.114743  0.104828
  0.104922  0.101010
  0.095492  0.097037
  0.086460  0.092919
  0.077836  0.088667
  0.069629  0.084291
  0.061847  0.079800
  0.054497  0.075206
  0.047586  0.070519
  0.041123  0.065747
  0.035112  0.060903
  0.029560  0.055994
  0.024472  0.051030
  0.019853  0.046019
  0.015708  0.040971
  0.012042  0.035893
  0.008856  0.030791
  0.006156  0.025672
  0.003943  0.020543
  0.002219  0.015407
  0.000987  0.010269
  0.000247  0.005133
  0.000000  0.000000
  0.000247 -0.005059
  0.000987 -0.009974
  0.002219 -0.014743
  0.003943 -0.019366
  0.006156 -0.023840
  0.008856 -0.028163
  0.012042 -0.032335
  0.015708 -0.036351
  0.019853 -0.040211
  0.024472 -0.043913
  0.029560 -0.047453
  0.035112 -0.050831
  0.041123 -0.054045
  0.047586 -0.057092
  0.054497 -0.059971
  0.061847 -0.062681
  0.069629 -0.065220
  0.077836 -0.067588
  0.086460 -0.069785
  0.095492 -0.071809
  0.104922 -0.073661
  0.114743 -0.075343
  0.124944 -0.076854
  0.135516 -0.078197
  0.146447 -0.079372
  0.157726 -0.080384
  0.169344 -0.081235
  0.181288 -0.081927
  0.193546 -0.082465
  0.206107 -0.082854
  0.218958 -0.083098
  0.232087 -0.083202
  0.245479 -0.083171
  0.259123 -0.083013
  0.273005 -0.082733
  0.287110 -0.082337
  0.301426 -0.081833
  0.315938 -0.081228
  0.330631 -0.080530
  0.345492 -0.079744
  0.360504 -0.078880
  0.375655 -0.077945
  0.390928 -0.076946
  0.406309 -0.075887
  0.421783 -0.074738
  0.437333 -0.073497
  0.452946 -0.072171
  0.468605 -0.070766
  0.484295 -0.069289
  0.500000 -0.067746
  0.515705 -0.066144
  0.531395 -0.064487
  0.547054 -0.062784
  0.562667 -0.061039
  0.578217 -0.059257
  0.593691 -0.057445
  0.609072 -0.055608
  0.624345 -0.053749
  0.639496 -0.051875
  0.654508 -0.049989
  0.669369 -0.048096
  0.684062 -0.046200
  0.698574 -0.044304
  0.712890 -0.042413
  0.726995 -0.040530
  0.740877 -0.038657
  0.754521 -0.036799
  0.767913 -0.034957
  0.781042 -0.033136
  0.793893 -0.031338
  0.806454 -0.029565
  0.818712 -0.027820
  0.830656 -0.026106
  0.842274 -0.024425
  0.853553 -0.022780
  0.864484 -0.021173
  0.875056 -0.019606
  0.885257 -0.018083
  0.895078 -0.016604
  0.904508 -0.015174
  0.913540 -0.013794
  0.922164 -0.012467
  0.930371 -0.011194
  0.938153 -0.009980
  0.945503 -0.008824
  0.952414 -0.007731
  0.958877 -0.006702
  0.964888 -0.005740
  0.970440 -0.004846
  0.975528 -0.004022
  0.980147 -0.003271
  0.984292 -0.002593
  0.987958 -0.001992
  0.991144 -0.001467
  0.993844 -0.001021
  0.996057 -0.000655
  0.997781 -0.000369
  0.999013 -0.000164
  0.999753 -0.000041
  1.000000  0.000000
