1.000000 -0.000000
  0.999028  0.000316
  0.996114  0.001259
  0.991270  0.002821
  0.984515  0.004986
  0.975874  0.007731
  0.965382  0.011031
  0.953077  0.014853
  0.939008  0.019162
  0.923229  0.023920
  0.905801  0.029086
  0.886791  0.034615
  0.866274  0.040464
  0.844329  0.046587
  0.821042  0.052938
  0.796503  0.059469
  0.770808  0.066133
  0.744057  0.072882
  0.716355  0.079667
  0.687809  0.086437
  0.658531  0.093141
  0.628635  0.099727
  0.598238  0.106139
  0.567457  0.112323
  0.536413  0.118221
  0.505226  0.123774
  0.474018  0.128926
  0.442908  0.133618
  0.412019  0.137792
  0.381470  0.141395
  0.351380  0.144375
  0.321864  0.146687
  0.293033  0.148288
  0.264327  0.149114
  0.235508  0.148902
  0.206875  0.147369
  0.178766  0.144297
  0.151555  0.139549
  0.125631  0.133088
  0.101377  0.124977
  0.079148  0.115379
  0.059243  0.104538
  0.041892  0.092756
  0.027245  0.080367
  0.015378  0.067706
  0.006300  0.055084
 -0.000033  0.042772
 -0.003705  0.030987
 -0.004832  0.019882
 -0.003546  0.009546
  0.000000  0.000000
  0.005519 -0.008554
  0.012717 -0.015962
  0.021418 -0.022347
  0.031450 -0.027851
  0.042644 -0.032626
  0.054846 -0.036825
  0.067928 -0.040584
  0.081802 -0.044021
  0.096429 -0.047229
  0.111835 -0.050273
  0.128110 -0.053200
  0.145401 -0.056042
  0.163898 -0.058824
  0.183810 -0.061557
  0.205340 -0.064235
  0.228665 -0.066819
  0.253919 -0.069222
  0.281187 -0.071288
  0.310011 -0.072801
  0.339603 -0.073682
  0.369840 -0.073959
  0.400599 -0.073667
  0.431758 -0.072844
  0.463192 -0.071530
  0.494774 -0.069769
  0.526377 -0.067606
  0.557876 -0.065086
  0.589144 -0.062253
  0.620055 -0.059152
  0.650486 -0.055824
  0.680316 -0.052312
  0.709425 -0.048656
  0.737697 -0.044894
  0.765019 -0.041065
  0.791282 -0.037207
  0.816382 -0.033357
  0.840218 -0.029551
  0.862694 -0.025827
  0.883722 -0.022222
  0.903216 -0.018771
  0.921099 -0.015513
  0.937299 -0.012482
  0.951750 -0.009713
  0.964395 -0.007239
  0.975182 -0.005088
  0.984068 -0.003289
  0.991017 -0.001865
  0.996001 -0.000833
  0.998999 -0.000209
  1.000000  0.000000
